19953085
11777939
18411307
12515821
19234442
15767370
11524436
10544201
19675569
9700154
9625770
9625767
16520382
9128250
14557412
9971737
15337778
12538665
7722452
20929976
12810683
16259633
17101693
2106566
18215320
16717130
16461339
16602827
7561682
12654898
23142775
16729043
10601358
15320955
15210726
15210742
15210743
19783983
10085298
8376945
12356868
19274086
11238593
21629263
20337593
16618811
15314656
17470642
18604198
12876277
14517278
16009723
11266458
19734906
11864996
21573184
16492808
19050761
19112497
20026654
7528775
22833096
11448999
10871282
18583988
16785313
10704436
11483158
12370254
16984645
10790433